50 50
1367 1569 1381 1452 1566 1370 1411 1605 1454 1614 1621 1427 1587 1451 1483 1395 1452 1596 1463 1555 1231 1572 1427 1513 1629 1834 1270 1555 1413 1679 1596 1549 1563 1449 1449 1654 1624 1532 1520 1535 1346 1459 1381 1493 1499 1754 1646 1500 1605 1758 
1189 1299 1155 1253 1251 1179 1032 1312 1108 1411 1327 1268 1308 1121 1238 1094 1340 1277 1365 1348 946 1347 1247 1334 1335 1509 1286 1360 1248 1454 1288 1319 1248 1141 1135 1434 1268 1220 1288 1180 1197 1324 1111 1244 1283 1430 1179 1226 1211 1417 
1227 1472 1203 1382 1456 1251 1252 1468 1263 1335 1349 1352 1450 1248 1368 1235 1351 1502 1400 1468 1058 1531 1252 1414 1431 1708 1214 1364 1410 1658 1409 1290 1459 1406 1281 1517 1530 1362 1484 1363 1289 1350 1136 1215 1362 1612 1471 1264 1378 1567 
1468 1636 1428 1586 1594 1457 1419 1625 1507 1722 1737 1650 1646 1539 1538 1486 1656 1705 1523 1728 1233 1607 1513 1616 1629 1822 1417 1673 1531 1923 1559 1682 1554 1479 1516 1808 1590 1504 1580 1616 1425 1560 1350 1613 1641 1764 1485 1569 1609 1828 
1239 1455 1338 1350 1353 1369 1214 1449 1324 1444 1435 1297 1468 1300 1260 1256 1356 1463 1416 1463 1177 1448 1355 1383 1447 1733 1343 1468 1319 1504 1349 1387 1317 1191 1331 1452 1453 1422 1451 1282 1400 1401 1220 1289 1340 1608 1423 1384 1432 1580 
1491 1714 1458 1694 1618 1505 1387 1799 1457 1641 1592 1641 1690 1553 1510 1418 1613 1693 1610 1714 1376 1543 1465 1691 1624 1913 1516 1561 1540 1931 1602 1560 1503 1619 1524 1724 1657 1618 1614 1457 1572 1543 1398 1578 1627 1841 1621 1654 1572 1835 
1497 1714 1435 1541 1771 1496 1454 1609 1526 1602 1602 1513 1702 1560 1568 1439 1593 1717 1588 1696 1379 1658 1524 1653 1628 1875 1471 1688 1528 1750 1538 1663 1624 1534 1417 1749 1735 1640 1773 1561 1462 1488 1207 1543 1475 1759 1618 1525 1377 1783 
1594 1704 1561 1704 1690 1432 1423 1818 1535 1733 1766 1757 1704 1567 1645 1577 1724 1789 1751 1710 1282 1683 1603 1730 1748 1982 1520 1726 1686 2029 1667 1718 1660 1535 1646 1807 1707 1560 1677 1606 1579 1739 1461 1636 1702 1944 1642 1677 1701 1884 
1357 1500 1457 1475 1566 1348 1249 1585 1380 1557 1548 1586 1636 1338 1459 1353 1421 1681 1472 1573 1171 1603 1426 1678 1523 1779 1452 1481 1374 1723 1536 1543 1392 1417 1394 1560 1589 1537 1567 1434 1457 1497 1334 1405 1552 1634 1539 1388 1343 1753 
1316 1515 1392 1551 1547 1312 1357 1562 1410 1658 1573 1567 1580 1520 1466 1415 1475 1573 1473 1599 1280 1573 1424 1466 1549 1856 1409 1541 1460 1709 1472 1584 1502 1473 1523 1627 1526 1586 1519 1470 1356 1488 1301 1498 1488 1792 1507 1380 1473 1685 
1561 1746 1585 1821 1745 1490 1437 1786 1586 1837 1744 1750 1850 1623 1692 1528 1744 1891 1691 1749 1424 1731 1611 1792 1780 2021 1645 1677 1702 2051 1701 1699 1658 1633 1612 1913 1764 1714 1684 1614 1553 1694 1550 1688 1754 1986 1656 1587 1652 2014 
1298 1492 1285 1371 1408 1368 1218 1408 1293 1423 1471 1349 1333 1374 1338 1291 1404 1418 1446 1451 1131 1475 1260 1351 1433 1651 1312 1340 1468 1594 1431 1379 1428 1254 1370 1435 1442 1330 1479 1302 1376 1389 1127 1238 1392 1630 1364 1321 1356 1528 
1208 1353 1231 1278 1415 1267 1094 1385 1218 1349 1341 1368 1449 1307 1288 1292 1333 1429 1373 1380 1091 1313 1326 1371 1345 1571 1229 1331 1319 1391 1324 1437 1288 1213 1286 1389 1416 1382 1393 1323 1301 1339 1170 1206 1390 1542 1508 1315 1319 1555 
1511 1655 1374 1645 1569 1446 1306 1721 1515 1661 1514 1657 1643 1500 1460 1356 1608 1623 1593 1606 1215 1648 1414 1583 1616 1822 1431 1569 1438 1809 1647 1471 1504 1404 1484 1648 1584 1591 1555 1527 1477 1449 1354 1538 1747 1834 1692 1563 1528 1840 
1423 1656 1439 1553 1669 1360 1388 1633 1451 1594 1656 1657 1628 1461 1577 1443 1566 1719 1678 1690 1267 1756 1462 1690 1603 1891 1349 1548 1558 1798 1576 1539 1606 1499 1507 1759 1771 1576 1716 1615 1490 1488 1424 1482 1561 1873 1617 1539 1440 1837 
1526 1745 1551 1723 1746 1533 1459 1747 1567 1897 1740 1693 1684 1574 1539 1500 1784 1869 1661 1691 1337 1711 1568 1578 1716 2000 1563 1709 1582 1941 1584 1813 1598 1521 1517 1782 1721 1613 1687 1504 1571 1664 1406 1621 1715 1871 1659 1562 1716 1991 
1505 1572 1374 1583 1606 1439 1357 1654 1544 1656 1515 1574 1634 1421 1534 1338 1629 1632 1651 1582 1232 1518 1563 1513 1530 1810 1375 1643 1422 1792 1567 1569 1447 1307 1481 1561 1591 1588 1472 1484 1494 1479 1278 1530 1617 1783 1571 1471 1447 1757 
1371 1589 1413 1516 1373 1353 1317 1470 1431 1547 1571 1436 1500 1499 1408 1352 1441 1544 1447 1572 1241 1553 1302 1523 1587 1795 1432 1551 1518 1800 1384 1449 1486 1308 1539 1557 1514 1526 1564 1455 1397 1544 1325 1506 1594 1565 1409 1420 1507 1650 
1365 1540 1278 1513 1595 1306 1338 1587 1308 1435 1483 1528 1518 1364 1437 1350 1351 1657 1498 1530 1255 1518 1332 1451 1413 1628 1361 1545 1383 1637 1377 1450 1372 1448 1442 1483 1498 1446 1449 1429 1380 1366 1231 1355 1423 1635 1430 1491 1342 1588 
1278 1258 1209 1516 1417 1314 1245 1362 1331 1384 1471 1301 1528 1337 1372 1330 1316 1496 1391 1453 1167 1305 1346 1432 1500 1618 1287 1493 1388 1591 1271 1386 1213 1277 1475 1461 1467 1466 1309 1336 1363 1365 1329 1300 1332 1579 1451 1409 1354 1644 
1324 1403 1123 1336 1445 1285 1133 1419 1312 1378 1376 1383 1459 1311 1295 1241 1366 1416 1311 1290 1082 1261 1262 1338 1273 1554 1206 1376 1229 1564 1300 1331 1208 1295 1239 1434 1398 1337 1314 1188 1296 1338 1086 1302 1350 1523 1341 1251 1228 1462 
1344 1435 1264 1337 1506 1320 1186 1429 1315 1495 1482 1396 1407 1333 1364 1371 1450 1520 1380 1508 1102 1470 1385 1406 1504 1688 1271 1536 1414 1704 1355 1430 1325 1361 1301 1502 1485 1416 1460 1425 1362 1415 1191 1422 1417 1531 1352 1248 1388 1666 
1397 1581 1389 1474 1532 1317 1420 1618 1327 1468 1521 1481 1601 1426 1441 1306 1413 1693 1533 1655 1228 1552 1379 1661 1638 1883 1433 1563 1476 1770 1529 1430 1498 1475 1448 1609 1518 1582 1603 1460 1486 1552 1393 1433 1520 1729 1550 1501 1444 1786 
1490 1758 1508 1696 1730 1611 1348 1789 1537 1705 1712 1588 1709 1483 1647 1578 1657 1687 1606 1703 1281 1727 1525 1701 1665 1892 1566 1674 1577 1885 1712 1656 1520 1575 1514 1769 1864 1582 1676 1607 1612 1586 1427 1529 1609 1916 1601 1485 1670 1864 
1406 1566 1317 1591 1682 1453 1379 1600 1404 1539 1546 1458 1681 1472 1498 1407 1515 1688 1524 1527 1267 1467 1441 1584 1508 1735 1373 1529 1499 1797 1570 1584 1462 1497 1483 1615 1656 1514 1503 1434 1462 1493 1255 1422 1448 1829 1582 1420 1470 1684 
1279 1422 1163 1379 1437 1312 1169 1435 1250 1610 1495 1392 1504 1318 1331 1365 1450 1471 1423 1491 1131 1427 1382 1366 1408 1698 1289 1493 1290 1589 1403 1489 1391 1268 1354 1552 1447 1428 1367 1264 1351 1420 1217 1363 1462 1589 1314 1286 1556 1607 
1303 1548 1243 1452 1432 1390 1170 1540 1316 1471 1458 1424 1441 1293 1391 1283 1419 1446 1405 1411 1134 1579 1231 1397 1500 1657 1342 1338 1342 1731 1396 1445 1399 1311 1381 1487 1468 1262 1504 1267 1337 1340 1074 1256 1454 1642 1340 1373 1460 1553 
1177 1422 1126 1414 1293 1341 1059 1389 1219 1425 1161 1250 1360 1269 1266 1121 1420 1338 1304 1341 1031 1337 1149 1377 1371 1484 1275 1292 1259 1576 1384 1219 1280 1269 1149 1450 1378 1321 1252 1208 1187 1166 1001 1276 1355 1472 1265 1236 1283 1505 
1284 1479 1347 1525 1368 1429 1147 1412 1335 1467 1416 1339 1416 1347 1329 1237 1398 1407 1438 1450 1117 1435 1311 1443 1457 1686 1391 1389 1366 1497 1297 1374 1300 1223 1221 1417 1506 1437 1522 1301 1412 1362 1248 1289 1399 1551 1375 1424 1231 1657 
1601 1758 1413 1694 1690 1557 1346 1763 1593 1740 1671 1577 1678 1496 1588 1528 1660 1602 1585 1617 1279 1716 1438 1533 1655 1840 1460 1586 1442 1899 1675 1565 1633 1575 1527 1677 1767 1589 1695 1528 1620 1572 1372 1543 1651 1855 1568 1588 1664 1787 
1425 1681 1461 1612 1615 1541 1317 1703 1413 1622 1677 1608 1710 1399 1531 1438 1608 1791 1676 1661 1294 1628 1590 1563 1551 1877 1605 1615 1577 1824 1564 1685 1437 1506 1428 1612 1620 1552 1591 1456 1584 1587 1295 1371 1685 1764 1651 1571 1639 1860 
1551 1728 1440 1678 1632 1600 1336 1732 1475 1720 1668 1587 1709 1554 1520 1430 1630 1671 1603 1679 1313 1662 1570 1638 1633 1929 1521 1725 1588 1916 1565 1684 1455 1558 1476 1645 1632 1573 1534 1530 1595 1585 1308 1590 1710 1769 1643 1508 1678 1919 
1467 1545 1463 1570 1581 1453 1334 1559 1484 1763 1703 1521 1631 1522 1462 1444 1606 1663 1500 1651 1305 1723 1550 1674 1617 1841 1517 1590 1490 1789 1531 1630 1539 1419 1437 1847 1754 1581 1720 1527 1466 1654 1441 1610 1677 1782 1492 1586 1511 1751 
1570 1684 1513 1675 1647 1533 1433 1689 1665 1660 1576 1509 1704 1595 1658 1479 1571 1690 1655 1768 1402 1734 1518 1708 1732 2014 1533 1699 1612 1873 1672 1527 1609 1492 1634 1694 1795 1782 1704 1558 1612 1530 1377 1624 1650 1828 1569 1444 1553 1821 
1530 1644 1466 1693 1701 1602 1341 1720 1447 1813 1727 1692 1681 1578 1520 1480 1667 1748 1603 1710 1332 1799 1577 1599 1757 1972 1634 1594 1680 1803 1609 1645 1521 1568 1541 1862 1737 1620 1696 1494 1555 1643 1454 1444 1724 1948 1689 1625 1637 1851 
1619 1713 1419 1724 1753 1582 1427 1797 1550 1714 1697 1669 1823 1597 1553 1504 1656 1812 1721 1703 1415 1588 1533 1635 1657 1963 1473 1648 1619 1982 1552 1625 1502 1530 1659 1746 1807 1693 1664 1637 1709 1618 1450 1552 1611 1969 1713 1711 1628 1870 
1368 1576 1328 1588 1499 1442 1248 1498 1470 1699 1663 1350 1672 1464 1356 1309 1573 1521 1434 1468 1200 1458 1422 1529 1541 1693 1355 1637 1364 1645 1411 1536 1421 1322 1346 1718 1556 1514 1412 1484 1362 1469 1370 1573 1520 1662 1507 1436 1511 1715 
1265 1507 1217 1298 1463 1226 1211 1475 1200 1297 1368 1337 1527 1262 1356 1257 1209 1444 1411 1433 1223 1383 1294 1384 1314 1615 1245 1427 1277 1495 1336 1414 1351 1313 1308 1343 1408 1440 1358 1354 1332 1321 1159 1239 1295 1544 1398 1211 1327 1503 
1373 1509 1389 1469 1493 1299 1403 1521 1468 1553 1564 1518 1608 1427 1455 1366 1530 1584 1497 1636 1235 1504 1514 1582 1510 1752 1317 1633 1345 1759 1421 1608 1442 1448 1450 1596 1526 1552 1505 1500 1381 1497 1336 1550 1548 1692 1542 1512 1461 1702 
1442 1689 1394 1574 1575 1469 1427 1674 1401 1509 1633 1480 1562 1443 1544 1453 1531 1680 1486 1467 1267 1626 1490 1479 1592 1785 1306 1516 1387 1813 1531 1572 1525 1367 1524 1650 1620 1535 1612 1497 1467 1476 1259 1458 1500 1739 1517 1493 1573 1618 
1359 1526 1407 1486 1576 1375 1473 1501 1491 1543 1484 1407 1504 1430 1486 1357 1506 1752 1513 1647 1261 1632 1409 1512 1652 1832 1291 1558 1533 1774 1508 1553 1463 1510 1345 1614 1652 1512 1617 1376 1369 1457 1293 1504 1574 1714 1541 1401 1401 1819 
1535 1703 1392 1645 1690 1484 1383 1772 1416 1673 1542 1537 1587 1399 1568 1384 1572 1671 1599 1663 1293 1691 1479 1517 1605 1832 1437 1672 1488 1783 1517 1565 1474 1561 1355 1656 1732 1533 1659 1513 1504 1502 1265 1548 1532 1708 1485 1589 1479 1692 
1434 1570 1453 1507 1725 1513 1369 1719 1505 1734 1644 1643 1644 1600 1425 1375 1675 1737 1618 1759 1365 1731 1605 1580 1701 1988 1471 1659 1532 1816 1624 1722 1514 1599 1438 1784 1670 1634 1682 1403 1431 1575 1291 1521 1724 1904 1754 1567 1629 1933 
1270 1369 1255 1389 1289 1295 1007 1402 1283 1414 1348 1464 1421 1280 1225 1222 1413 1406 1261 1404 1026 1403 1239 1432 1288 1589 1305 1250 1266 1585 1338 1219 1186 1185 1266 1412 1375 1318 1328 1249 1404 1284 1187 1283 1389 1530 1325 1231 1261 1584 
1208 1500 1262 1453 1337 1311 1187 1445 1274 1389 1352 1314 1410 1244 1317 1245 1374 1542 1348 1363 1127 1381 1248 1338 1435 1558 1208 1427 1245 1579 1310 1327 1228 1208 1224 1341 1383 1369 1281 1205 1281 1201 1131 1258 1322 1541 1345 1285 1350 1631 
1545 1673 1440 1615 1576 1533 1424 1684 1559 1763 1625 1619 1685 1448 1550 1450 1560 1692 1640 1661 1237 1744 1516 1603 1644 1917 1570 1665 1501 1863 1724 1592 1544 1460 1511 1751 1654 1603 1555 1498 1524 1562 1361 1557 1644 1814 1578 1549 1512 1781 
1175 1416 1183 1315 1513 1351 1191 1408 1345 1367 1347 1347 1533 1218 1301 1139 1282 1451 1344 1388 1197 1315 1322 1424 1284 1555 1273 1379 1183 1531 1356 1400 1278 1254 1274 1399 1417 1391 1365 1234 1226 1255 1122 1217 1379 1592 1432 1226 1265 1569 
1288 1349 1343 1408 1427 1336 1274 1392 1393 1447 1522 1336 1447 1336 1387 1316 1461 1512 1335 1430 1161 1442 1364 1392 1364 1613 1328 1318 1247 1627 1422 1485 1312 1344 1332 1418 1501 1296 1411 1194 1374 1388 1228 1264 1429 1636 1460 1372 1389 1645 
1477 1719 1584 1821 1737 1497 1501 1738 1628 1828 1734 1676 1652 1650 1600 1537 1727 1781 1740 1785 1339 1741 1488 1609 1702 1973 1469 1651 1643 1949 1633 1788 1632 1611 1558 1773 1894 1585 1689 1649 1532 1538 1448 1585 1642 1996 1712 1629 1656 2036 
1328 1653 1438 1566 1537 1561 1339 1562 1563 1594 1587 1534 1564 1422 1520 1359 1545 1586 1537 1605 1255 1627 1454 1602 1490 1766 1366 1559 1391 1835 1613 1497 1494 1361 1436 1637 1681 1524 1547 1489 1428 1445 1303 1478 1548 1820 1482 1424 1494 1781 
