100 100
2892 3461 2790 3162 3402 3139 2904 3103 3024 3199 3098 2865 2989 3067 3287 2702 3033 2854 3351 2846 2828 3101 2920 3129 2893 3059 3113 2809 2894 3065 2926 3079 2945 2939 3309 3111 3081 3177 3214 3047 3012 2885 2875 3209 3218 3253 3036 2808 2846 2936 3099 2837 3126 2911 3105 3027 3331 3055 2805 3125 2980 3097 3456 2986 3071 3055 3154 2791 2865 3024 2941 2979 3474 2995 3079 3132 2829 2971 3066 3063 2878 2991 3084 3149 3325 3028 3226 3053 3221 2756 3138 2964 2729 3086 3132 3071 3365 2811 3237 3041 
2828 3267 2845 3189 3176 3137 2961 3107 3087 3342 3043 2914 3088 3211 3428 2903 3158 2897 3545 2990 2713 3077 2931 3295 2848 3042 2933 2920 3055 3017 3089 3122 2882 2946 3365 3244 3113 3310 3146 3155 2971 3074 3081 3155 3245 3221 3347 2790 2827 2885 3099 2859 3137 3052 3299 2992 3301 3146 2799 3145 2823 2897 3531 2885 2802 2967 3112 2851 2792 2834 3177 3052 3439 2811 3169 3143 3137 2835 3090 2979 2887 3084 3087 3208 3148 3042 3202 3083 3131 2710 3274 2841 2692 3233 2995 3061 3417 2810 3162 3133 
2916 3454 2972 3236 3375 3122 3120 3255 3206 3125 3327 3106 3109 3297 3541 3080 3231 3012 3568 3107 2839 3143 3090 3363 3149 3123 3079 3037 3253 3094 2997 3341 2984 3022 3381 3185 3046 3450 3170 3184 2994 3077 2991 3172 3258 3133 3165 3046 3042 3077 3178 3007 3262 3187 3353 3175 3317 3090 3041 3210 2942 3156 3741 3083 2979 2911 3050 2942 3074 2880 3263 3089 3656 3160 3186 3207 2734 2973 3383 3130 2922 3156 3153 3388 3513 2997 3367 3022 3113 2947 3373 2997 2611 3451 3214 3016 3337 2884 3345 3316 
2843 3369 2886 3141 3269 2964 3075 3054 3192 3128 2952 3110 3125 3009 3395 2875 3160 2965 3443 2928 2815 3095 2996 3183 2847 3050 2980 2953 3015 3104 3125 3228 2849 2942 3261 3170 2961 3196 3093 3129 2867 2903 3060 2987 3096 3156 3056 2781 2933 2894 2994 2830 3060 2947 3261 2875 3404 3105 2742 3186 3193 2983 3566 2959 2932 3016 3117 2745 2846 2838 3122 2956 3311 3076 3185 3176 3010 3029 3220 2839 2870 3098 3136 3227 3377 2988 3176 3017 3167 2825 3065 2927 2600 3373 3111 3016 3368 2795 3155 2981 
2630 2895 2615 2864 2962 2728 2634 2825 2805 2717 2822 2700 2743 2804 3109 2545 2812 2395 3160 2687 2472 2650 2805 3053 2741 2682 2676 2333 2700 2846 2746 2680 2431 2662 3018 2834 2706 2917 2781 2589 2447 2615 2706 2828 2870 2705 2778 2623 2723 2826 2752 2694 2776 2817 2830 2684 2903 2648 2610 2685 2588 2765 3160 2994 2496 2556 2606 2538 2628 2641 2667 2776 3046 2652 2669 2796 2618 2485 2878 2684 2603 2948 2753 2683 2955 2563 3006 2639 2761 2454 2906 2586 2498 2825 2782 2516 2848 2521 2864 2728 
2817 3214 2679 2898 3058 3027 2775 2989 2763 2920 2857 2767 2931 2949 3085 2475 2930 2780 3117 2774 2648 2807 2911 2929 2597 2961 2909 2672 2732 2923 2935 2890 2762 2669 3045 2757 2860 2859 3045 2910 2831 2757 2807 2964 2989 2881 3028 2529 2639 2853 2923 2785 2870 2849 2902 2778 3104 2942 2644 2919 2751 2783 3341 2891 2817 2886 2859 2646 2815 2698 2940 2796 3074 2721 2734 2953 2681 2796 2944 2734 2652 2863 3004 2875 3010 2803 3068 2844 2988 2534 2939 2749 2495 2882 2885 2799 3185 2653 2895 2992 
3004 3357 2929 3203 3335 3192 3165 3091 3178 3131 3065 2862 3091 3117 3394 2801 3258 3055 3282 3034 2617 3081 3054 3058 2988 3074 3021 2851 2961 3081 3072 3225 2923 2852 3282 3229 3050 3125 3206 3004 2931 2852 3050 3037 3069 3191 3121 2756 2611 2992 3157 2924 3092 2977 3142 3033 3347 3144 2881 3142 3041 3114 3579 2847 2799 3012 3096 2812 2920 2760 2892 3133 3252 2951 3050 3032 2946 2948 3204 3144 2915 3026 3179 3222 3374 2928 3379 3163 3141 2789 3244 2874 2875 3008 3032 2981 3329 2922 3114 3110 
3109 3591 3148 3258 3247 3255 3155 3196 3251 3397 3315 3086 3161 3200 3611 2968 3266 2981 3564 3135 3034 3220 3187 3403 3156 3351 3031 2942 3019 3316 3335 3286 3048 3089 3646 3337 3025 3413 3316 3198 3016 3173 3304 3295 3337 3453 3383 2960 3018 3090 3226 3164 3389 3374 3315 3092 3430 3349 2926 3296 3072 3102 3651 3043 2886 3140 3334 2895 3014 2935 3270 3100 3548 3054 3171 3534 2996 2955 3111 3138 3127 3162 3337 3343 3468 3168 3616 3162 3312 2975 3347 2976 2981 3396 3381 2991 3499 3028 3176 3133 
3183 3347 2986 3108 3225 3037 3117 3046 3046 3269 3087 3057 3147 2975 3437 2775 3073 3053 3404 3080 2750 2902 3135 3292 2897 3137 2862 2950 3160 3093 3129 3124 2885 2878 3090 3199 3261 3097 3190 3139 2902 2848 3008 3148 3030 3139 3043 2845 2811 3075 3080 2828 3128 2965 3321 2903 3345 3204 3028 3116 2806 3209 3351 3055 2750 3019 3055 2838 2830 3031 2972 2880 3124 3017 3072 3066 3065 2942 3200 3021 3078 3059 3280 3284 3398 2759 3298 3166 3224 2756 3107 2936 2818 3046 2942 3003 3355 3048 3139 3026 
2718 3205 2543 2924 3002 2901 2853 2868 3000 2859 2918 2735 2863 2871 3060 2636 2926 2750 3353 2875 2452 2980 2726 2996 2781 2847 2747 2646 2941 2860 2886 2935 2690 2611 3029 2872 2798 3082 2770 2801 2654 2774 2584 2914 2846 2959 2948 2617 2608 2845 2816 2634 2894 2927 3018 2816 3075 2932 2560 3087 2744 2885 3279 2660 2764 2951 2922 2586 2754 2650 2915 2736 3077 2809 2872 2947 2745 2759 3023 2669 2637 2883 2862 2821 3003 2694 3140 2853 3176 2721 2942 2705 2594 3083 3047 2781 3127 2727 2953 2913 
2629 3001 2596 2861 2881 2761 2803 2726 2729 2837 2720 2588 2655 2681 3082 2368 2774 2579 3095 2587 2485 2755 2573 2754 2631 2837 2629 2647 2658 2693 2708 2773 2563 2687 2964 2917 2615 2877 2885 2786 2446 2768 2711 2815 2882 2728 2763 2490 2679 2519 2814 2632 2829 2753 2915 2717 2968 2676 2561 2807 2629 2741 3095 2687 2553 2620 2591 2581 2690 2510 2642 2785 3110 2610 2700 2913 2483 2693 2818 2735 2735 2699 2790 2874 2964 2679 3093 2680 2676 2474 2755 2600 2401 2937 2756 2625 2890 2559 2862 2788 
2711 3069 2705 2942 3147 3104 2896 2851 3062 3042 2818 2951 2792 2899 3099 2685 2938 2620 3199 2923 2516 2861 2775 3070 2707 2755 2810 2563 2817 2903 2862 2907 2703 2790 3133 2987 2955 2963 2916 2972 2599 2815 2971 2910 3034 2915 2975 2736 2671 2781 2998 2722 2933 2901 3019 2836 3161 2838 2712 2948 2776 2826 3433 2814 2800 2735 2894 2708 2737 2677 2782 2779 3174 2735 3025 3091 2915 2682 3006 2918 2695 2880 2971 3161 3016 2828 3209 2800 3016 2607 2935 2667 2628 2907 3114 2775 3087 2728 2826 2967 
3122 3445 2922 3271 3367 3262 3131 3082 3261 3233 3115 3064 3190 3245 3465 2998 3362 3014 3556 3225 2900 3195 3256 3172 3091 3289 3022 3036 3134 3225 3124 3329 3028 2988 3468 3474 3149 3268 3356 3110 2885 3114 3049 3170 3126 3350 3165 3003 2895 3108 3308 2955 3215 3278 3216 3172 3416 3390 2933 3290 2993 3134 3622 3095 3073 3167 3159 2886 2890 3148 3184 3103 3523 3080 3216 3291 3058 3030 3222 3223 3017 3212 3215 3482 3372 3039 3568 3057 3299 2898 3294 2871 2939 3293 3308 3128 3415 3022 3241 3059 
2990 3335 2945 2981 3270 3110 2863 3014 3006 3118 2954 2798 2919 3116 3271 2617 2991 2951 3376 2957 2729 2986 3112 2982 2822 2941 2886 2768 2949 3171 3020 2973 2803 2803 3103 3072 2993 3108 3159 2800 2743 2973 2829 2926 2954 3021 2842 2762 2919 2731 3040 2727 2910 2976 3021 2951 3164 2944 2689 2950 2830 2948 3462 2956 2879 2963 2956 2745 2766 2868 2852 2989 3233 2802 3030 3186 2754 2777 3026 3071 2874 3024 2887 3059 3149 2781 3304 2911 2915 2673 3083 2620 2784 3168 3101 2862 3245 2808 3010 2879 
2921 3352 2898 3176 3124 3117 2912 3048 3022 3073 3151 3078 2985 3121 3438 2846 3096 2823 3364 3121 2803 3028 2995 3214 2839 3200 2814 2902 3068 2944 3001 3179 2817 3011 3239 3241 3047 3128 3245 2965 2845 2776 3032 3019 3040 3088 3218 2869 2875 3002 2948 2959 2944 3218 3236 3016 3343 3108 2946 3009 2753 2945 3528 2994 2806 2981 3259 2801 2889 2910 3104 3087 3393 3008 3071 3160 2944 2843 2931 3147 2832 3043 3159 3218 3012 3012 3455 3002 3108 2824 3017 2797 2612 3174 3218 2895 3289 2837 2995 3034 
2949 3204 2670 2923 3020 3119 2756 2862 3040 2960 2982 2928 2865 2944 3224 2721 3097 2723 3187 2891 2616 2821 2797 3082 2796 2967 2659 2764 2933 2914 2868 3053 2743 2793 3186 2946 2911 2835 2917 2984 2685 2882 2926 3077 2982 2927 2963 2576 2688 2855 2954 2832 2967 2954 3005 2888 3176 2905 2651 2920 2723 2902 3353 2813 2844 2908 2925 2700 2816 2873 2832 2896 3357 2887 2918 2902 2880 2711 2976 2938 2846 2933 2934 3032 3187 2713 3216 2835 3097 2744 3000 2699 2575 2933 3107 2841 3205 2657 3055 2955 
2700 2944 2517 2735 2894 2845 2674 2967 2776 2757 2658 2620 2675 2839 3012 2643 2865 2630 3131 2702 2367 2728 2760 2850 2581 2599 2790 2635 2766 2810 2847 2881 2657 2408 2897 2664 2675 2778 2717 2583 2594 2508 2613 2770 2616 2801 2806 2496 2613 2705 2591 2614 2736 2713 2836 2814 2938 2699 2460 2782 2639 2716 3125 2521 2592 2758 2836 2575 2530 2618 2636 2638 2915 2662 2725 2800 2602 2550 2799 2580 2416 2770 2759 2715 2860 2627 2922 2666 2785 2586 2845 2535 2493 2646 2833 2646 3157 2641 2646 2778 
3235 3539 2986 3365 3442 3165 3243 3146 3376 3377 3154 3076 3226 3269 3504 2886 3486 3071 3791 3033 2927 3146 3236 3373 2953 3041 3054 2914 3133 3285 3252 3293 2994 3003 3451 3366 3210 3288 3314 3184 3000 3050 2954 3343 3234 3467 3291 2915 2981 3183 3171 3155 3233 2993 3429 3164 3566 3131 2885 3230 3096 3080 3637 3129 3168 3172 3224 2968 3026 3142 3094 3176 3568 2994 2980 3456 3158 2963 3076 3175 3126 3208 3297 3261 3421 3045 3477 3260 3507 2957 3122 2847 2966 3184 3337 2938 3539 3076 3170 3291 
2864 3363 2745 3045 3395 3020 2993 2947 3057 3129 2860 2912 2957 3133 3284 2863 2987 2800 3406 2962 2707 2887 3079 3070 2871 2950 2804 2893 2993 3063 3142 2940 2887 3012 3088 3093 3026 3097 3186 2874 2777 3057 2945 3104 3088 3052 2827 2897 2845 2905 2873 2671 2874 3042 3176 2951 3320 3051 2700 3061 2922 3017 3522 2984 2944 2962 3176 2798 2695 2793 2803 2942 3231 2818 3095 3080 2871 2951 3010 3086 2974 2990 3049 3099 3163 2807 3312 2986 2887 2752 3167 2755 2817 3134 3179 2865 3319 2758 3117 2993 
3238 3555 2975 3200 3372 3422 3091 3248 3338 3300 3354 3345 3114 3128 3559 3038 3279 3086 3469 3283 3015 3203 3222 3371 2994 3312 3013 3134 3159 3321 3135 3423 3089 2998 3419 3284 3164 3272 3276 3209 3008 3078 3193 3377 3197 3175 3231 2810 3075 3201 3160 3020 3269 3310 3442 3194 3544 3288 3136 3239 3000 3257 3690 3094 3214 3227 3329 3050 3049 3139 3242 3139 3503 3192 3222 3254 3129 3061 3262 3292 2888 3208 3271 3534 3426 3085 3609 3216 3304 2969 3236 2985 2990 3288 3280 3118 3688 3228 3215 3304 
3031 3156 2983 3048 3114 2984 2922 3092 2978 3080 2895 3016 3047 3063 3305 2565 3038 2865 3240 2790 2582 2954 3003 3012 2691 3028 2979 2822 2965 3039 3120 3026 2859 2825 3112 3026 3080 3132 3105 2970 2777 2839 2985 2973 3063 3024 3070 2591 2796 2819 2926 2967 2866 3081 3139 2849 3338 3019 2803 3095 2757 2956 3479 2916 2880 3012 2917 2774 2677 2920 2882 2963 3131 2901 2855 3019 2962 2887 3002 2948 2803 3040 3016 3145 3120 2890 3391 2981 2981 2709 3109 2721 2830 3062 3225 2884 3294 2739 2971 3112 
3125 3457 2972 3372 3361 3232 3343 3141 3291 3280 3261 3160 3211 3256 3605 2774 3485 3163 3570 3088 2891 3168 3255 3294 3124 3163 2950 2889 3271 3431 3205 3319 3076 3297 3605 3351 3158 3431 3381 3170 2939 2960 3144 3387 3202 3270 3283 2870 2959 3106 3323 3175 3328 3225 3289 3152 3534 3140 2909 3248 3055 3108 3871 3178 2936 3109 3109 2942 2958 3010 3249 3170 3582 3260 3145 3262 3034 3112 3327 3285 3131 3175 3327 3384 3458 3145 3492 3308 3249 3096 3381 2979 2899 3265 3413 2969 3409 2942 3294 3285 
3085 3403 2784 3132 3370 3271 3027 3311 3100 3132 3053 3142 3084 3213 3482 2807 3183 2813 3473 2983 2799 3087 3088 3324 2938 3162 3118 2756 3085 3055 3118 3253 2832 2937 3301 3172 3159 3142 3149 3068 2961 3023 3055 3195 3050 3266 3211 2737 2962 3091 3057 2974 3085 3101 3334 3074 3347 3092 2865 3333 2959 3125 3425 3058 2891 2987 3179 2879 2898 3006 3038 3144 3300 3085 3042 3059 3088 2871 3104 3080 2882 3231 3266 3154 3226 2926 3285 3096 3270 2697 3195 2953 2739 3234 3232 3024 3329 2948 3088 3238 
3116 3491 2938 3234 3294 3167 3131 3150 3249 3299 3186 3012 3181 3307 3356 2837 3324 2882 3427 3019 2745 2964 3333 3357 3079 3155 2928 2871 3025 3235 3199 3256 3018 3034 3293 3142 3040 3149 3226 2980 2955 2885 3037 3175 3197 3146 3016 2676 2990 3051 3223 3083 3095 3183 3127 3059 3467 3094 2737 3204 2974 3203 3704 3130 3111 3121 3206 2756 3068 2911 3229 3015 3317 3193 3098 3005 2958 3044 3186 2976 3116 3223 3280 3110 3384 2872 3283 3205 3163 2803 3265 3016 2912 3119 3251 2876 3431 2823 3221 3217 
3145 3434 2838 3192 3344 3191 2993 3203 3209 3283 2953 3020 3024 3112 3450 2794 3185 3031 3348 3118 2896 2904 3097 3076 2892 3175 2976 2935 3080 3115 3102 3305 2997 3045 3364 3122 2992 3199 3284 3076 2880 2873 2979 3023 3237 3245 3168 2806 3022 3080 3092 2975 3096 3067 3038 3196 3448 3160 2858 3111 2878 3022 3613 2986 2918 3051 3132 2854 2957 2878 3063 3115 3361 3088 3078 3127 2920 2949 3010 3048 3019 3244 3119 3325 3240 2946 3438 3005 2985 2800 3109 2762 2821 3176 3263 2921 3372 2953 3146 3035 
2969 3442 3019 3111 3430 3165 3222 3127 2999 3317 3204 3075 3116 3236 3485 2916 3093 2943 3519 3006 2767 3182 3197 3430 3084 3120 3055 3014 3159 3090 3172 3349 3023 2968 3333 3175 3202 3198 3394 3137 3133 2916 3060 3236 3110 3384 3179 2832 3009 3056 3288 2775 3135 3017 3197 3096 3455 3200 2912 3280 3070 3189 3652 3162 2984 3165 3159 2985 3031 3028 3192 3158 3467 3132 3132 3251 3032 3069 3169 3193 3125 3106 3241 3323 3458 3147 3272 3259 3384 2893 3140 3078 2770 3337 3385 3099 3499 2933 3249 3280 
3166 3692 2963 3337 3430 3339 3224 3295 3266 3241 3557 3247 3293 3447 3807 3105 3408 3150 3662 3258 3003 3339 3287 3538 3154 3305 2974 3062 3377 3321 3199 3336 3129 3155 3631 3449 3175 3447 3477 3289 3251 3019 3301 3449 3435 3360 3385 3126 3140 3274 3370 3149 3283 3275 3426 3354 3494 3360 3081 3367 3109 3221 3831 3373 3095 3189 3337 3030 3321 3091 3305 3284 3615 3344 3346 3321 3237 3181 3447 3326 3203 3226 3561 3410 3477 3126 3525 3308 3476 2984 3439 3012 2930 3353 3233 3080 3651 3015 3439 3278 
3036 3523 3126 3285 3326 3314 3236 3241 3233 3432 3272 3084 3211 3194 3608 2930 3298 2989 3734 3131 2811 3268 3153 3505 2991 3133 3069 3031 3168 3265 3130 3191 2979 3074 3469 3365 3201 3427 3174 3295 2935 3063 3057 3267 3219 3222 3425 3026 2963 3162 3324 3059 3153 3032 3382 3120 3470 3222 2921 3299 3103 3115 3746 3102 3052 3072 3356 3008 2977 3062 3311 3256 3552 3055 3175 3450 3180 2959 3338 3198 3104 3265 3272 3315 3343 3222 3509 3203 3382 3005 3152 2893 2931 3366 3396 3084 3647 3108 3312 3201 
3200 3361 2933 3106 3253 3158 3028 3117 3085 3194 3179 3114 3054 3134 3573 2861 3236 2836 3464 3115 2785 3061 3027 3313 3126 3241 2919 2837 3035 3176 3126 3206 2904 2898 3293 3280 3096 3122 3131 3174 2867 3022 3231 3003 3305 3079 3165 2841 2845 3062 3190 3081 3258 3108 3209 2985 3286 3194 2892 3147 2913 3279 3538 3008 2747 2998 3027 2939 2798 3097 3081 2950 3353 3105 2993 3196 2957 2811 3227 2920 2948 3163 3237 3351 3228 2944 3500 3083 3162 2948 3060 2930 2879 3222 3082 2966 3509 2885 3316 3074 
2973 3528 2999 3153 3232 3215 3340 3077 3162 3343 3307 3092 3253 3363 3610 2913 3128 3014 3597 3055 2872 3248 3134 3344 2952 3266 2957 2964 3258 3128 3176 3329 3033 3179 3540 3504 3258 3485 3422 3201 2988 3183 3108 3258 3177 3299 3307 3069 2963 3031 3380 3053 3322 3178 3345 3135 3577 3277 3036 3201 2996 3157 3727 3265 3033 3119 3295 2962 2913 3114 3194 3122 3355 3052 3151 3266 3017 3153 3276 3204 3091 3126 3310 3455 3450 3023 3461 3219 3265 2821 3249 2866 2940 3206 3204 3076 3567 2837 3271 3253 
2977 3218 2925 3094 3238 3205 2869 3109 2987 3156 3085 2819 2961 3023 3267 2790 3190 2978 3453 3011 2811 3073 3006 3268 2909 3034 3210 2729 3051 2992 3041 3288 2915 2793 3356 3021 2963 3110 3026 3006 2929 2812 3017 3035 3093 3155 3114 2828 2905 3041 2977 2928 3136 3123 3093 2982 3158 3115 2874 2995 2833 3010 3526 2821 2900 2910 2902 2878 2726 3030 3033 2967 3385 3074 3024 3107 2742 2766 2963 2986 2976 3044 2912 3167 3243 3011 3553 2950 2877 2729 3290 2805 2669 3258 3244 2991 3104 2775 2962 3065 
2842 3188 2712 3058 3148 3083 2988 2929 3073 3095 2977 2780 2835 3000 3178 2654 2901 2725 3289 2910 2597 2798 3001 2905 2860 2962 2800 2679 3058 2966 3108 3144 2744 2707 2959 2964 3016 3055 3001 2836 2621 2820 2804 2891 2884 2933 2999 2751 2649 2796 3112 2812 2989 2844 2979 2911 3214 2975 2617 2920 2804 2846 3479 2843 2652 2916 2878 2634 2714 2635 2882 2969 3212 2815 2887 2987 2782 2777 2896 2844 2933 2984 3001 3074 3121 2614 3104 2892 3013 2590 3100 2684 2742 3099 3111 2765 3038 2688 2937 2982 
3168 3490 2931 3401 3585 3441 3299 3309 3327 3361 3240 3320 3150 3398 3514 2971 3283 2953 3642 3185 3015 3291 3256 3352 3222 3350 3173 2969 3301 3333 3273 3438 2936 3222 3511 3427 3252 3404 3528 3201 3073 3120 3107 3489 3309 3366 3331 2890 3104 3324 3339 3101 3327 3422 3316 3297 3594 3376 2993 3479 3033 3280 3784 3395 3070 3079 3200 2829 3026 3187 3276 3280 3634 3262 3293 3286 3057 3134 3248 3297 2933 3262 3453 3401 3454 2995 3570 3270 3343 2958 3376 3095 2932 3454 3366 3095 3406 3067 3391 3374 
3283 3722 3329 3651 3654 3491 3340 3452 3614 3459 3386 3346 3442 3494 3750 3030 3555 3292 3899 3341 2848 3456 3453 3492 3251 3410 3296 3179 3336 3457 3395 3510 3182 3236 3708 3693 3466 3616 3597 3470 3202 3147 3219 3441 3477 3598 3446 3196 3049 3295 3345 3345 3474 3462 3670 3418 3849 3504 3074 3513 3334 3411 3841 3477 3082 3278 3479 3111 3173 3277 3318 3474 3792 3337 3337 3646 3148 3217 3429 3581 3365 3410 3509 3614 3592 3289 3652 3344 3472 3194 3464 3167 3120 3588 3639 3321 3704 3257 3470 3443 
2993 3424 3086 3129 3371 3219 3054 3231 3168 3347 3335 3090 3060 3214 3393 3075 3333 2984 3440 3157 2804 3108 3194 3254 3030 3032 2980 2918 3170 3167 3165 3280 3053 2892 3452 3291 3089 3167 3228 3033 2978 2971 3076 3189 3172 3321 3180 3064 2916 3068 3230 3123 3208 2987 3374 3035 3459 3143 3003 3154 2936 3053 3654 3060 2831 3157 3309 2859 2920 2949 3132 3087 3513 3081 3181 3209 2981 2989 3216 3237 3041 3134 3162 3324 3396 3104 3398 3171 3262 2992 3328 2814 2746 3178 3216 3037 3466 3134 3120 3225 
3119 3509 3100 3232 3511 3333 3113 3046 3274 3391 3231 3387 3015 3344 3444 2916 3284 2976 3555 3193 2878 3213 3200 3261 2986 3266 3088 3053 3238 3147 3347 3260 3069 3182 3445 3380 3237 3414 3461 3332 3030 3173 3235 3278 3202 3240 3263 2878 3092 2928 3342 2996 3199 3234 3426 3114 3444 3366 2920 3132 3051 3044 3744 3340 2998 3230 3181 2928 2991 3051 3312 3223 3526 3102 3400 3329 3098 3151 3376 3238 3069 3217 3374 3608 3421 3056 3552 3320 3336 2993 3226 3011 2858 3450 3211 3016 3432 2951 3342 3246 
2979 3380 2883 3100 3299 3189 3002 3289 3153 3402 3064 3054 3046 3212 3384 2908 3170 2929 3558 3028 2875 3046 2988 3257 2951 3174 3088 3018 3114 3262 3097 3160 2923 3046 3376 3091 3179 3335 3253 3186 2889 3114 3007 3258 3129 3108 3229 2807 3058 2989 3106 2873 3098 3150 3271 3041 3416 3128 2804 3184 2953 3028 3460 2975 2907 3118 3121 2792 3027 2961 3185 3159 3411 2885 3121 3242 3035 2983 3140 2926 2905 3329 3188 3216 3369 2871 3293 3083 3160 2721 3236 2954 2772 3331 3086 2967 3523 2953 3156 3126 
2879 3071 2701 2958 3042 2893 2933 2814 3055 2976 2972 2856 2921 2985 3140 2561 2953 2675 3401 2800 2509 3053 2834 3039 2712 2873 2950 2633 2962 2961 2813 3209 2792 2784 3083 3065 2970 3150 3065 2844 2597 2816 2762 2861 2816 3020 2801 2648 2716 2719 3027 2687 3134 2842 3104 2783 3054 2888 2540 3055 2693 2858 3387 2727 2811 2868 3060 2576 2529 2885 3001 2856 3193 2801 2893 3030 2696 2690 2920 2882 2752 2784 2848 3147 2984 2893 3088 2802 3056 2576 2942 2635 2642 2917 3041 2938 3206 2742 3001 2919 
3168 3588 3085 3572 3451 3509 3498 3423 3388 3586 3523 3234 3390 3451 3745 3208 3644 3123 3843 3411 3036 3175 3480 3555 3286 3378 3169 3196 3380 3351 3302 3523 3139 3261 3687 3569 3295 3577 3451 3283 3208 3296 3241 3535 3364 3430 3553 3072 3237 3385 3424 3217 3374 3457 3520 3314 3745 3436 3126 3531 3225 3366 3933 3312 3332 3237 3481 3120 3273 3235 3438 3278 3837 3329 3487 3280 3275 3460 3353 3259 3230 3508 3463 3452 3577 3356 3622 3394 3412 3076 3519 3301 3069 3394 3479 3212 3564 3046 3469 3508 
2915 3358 2711 3120 3034 3117 2962 3020 2905 3076 2937 2833 2940 2901 3248 2640 3075 2853 3124 2943 2741 2878 2971 3022 2754 2910 2886 2756 2861 2988 2967 3179 2863 2665 3167 3047 2804 3112 3142 2974 2882 2768 2748 3019 3041 3147 3027 2589 2747 2893 2850 2956 3055 2954 3057 2959 3171 3053 2514 2923 2777 2826 3368 2721 2795 2819 2958 2633 2841 2661 3068 2846 3175 2917 2910 2885 2726 2807 2918 2725 2816 3065 3051 2968 3087 2631 3291 2766 2924 2625 2993 2697 2528 3140 2878 2770 3128 2757 3043 3023 
2830 3141 2791 2927 3050 2954 2873 2923 2906 3037 2817 2862 2833 2846 3184 2639 2749 2941 3163 2882 2640 2800 2815 3056 2797 2845 2643 2797 2874 2875 2962 3103 2680 2729 3002 3060 2882 2974 3023 2931 2589 2800 2878 2792 2809 2959 2964 2766 2669 2761 2875 2819 3003 2831 3040 2694 3205 2875 2732 2994 2841 2872 3346 2796 2736 2743 2814 2786 2639 2522 2895 2864 3042 2933 2894 2887 2823 2746 3023 2799 2735 2888 3121 3064 3154 2616 3021 2966 2891 2543 2858 2701 2558 3110 2879 2662 3094 2688 2803 2900 
2794 3291 2700 3005 3103 2877 2842 2895 3080 3027 2860 2885 2955 2792 3191 2626 2878 2674 3229 2811 2540 2792 2890 2867 2830 2939 2801 2682 2802 2994 2991 3022 2744 2665 3055 2944 3034 2957 2982 2910 2697 2888 2844 3040 2791 3075 2795 2593 2705 2723 2899 2841 2890 2920 3081 2774 3222 2956 2596 2778 2839 2981 3156 2786 2594 2959 2911 2533 2649 2739 2708 2822 3048 2776 2867 3087 2693 2727 2971 2871 2899 2924 3011 2922 3208 2563 3163 2880 2932 2620 2908 2680 2619 2995 2968 2658 3141 2769 2918 2850 
2895 3453 2742 3241 3323 3186 3273 3285 3274 3207 3357 3127 3224 3240 3614 2919 3145 3013 3514 3120 2887 3188 3139 3411 3189 3149 3009 3048 3285 2975 3215 3334 2921 3012 3373 3454 3210 3382 3201 3270 2944 3081 3072 3109 3220 3298 3254 3028 3084 2954 3161 3004 3251 3194 3376 3089 3475 3245 2957 3468 2989 3270 3607 2988 2843 3051 3253 2915 2856 3003 3215 3042 3531 3257 3183 3195 2935 3259 3277 3036 2992 3223 3307 3401 3352 2914 3312 3138 3333 2925 3289 3035 2749 3291 3343 3065 3378 2926 3312 3290 
2966 3354 2872 3320 3016 3128 3024 3170 3265 3191 3208 2950 3303 3114 3473 2920 3432 2901 3574 2871 2847 3128 3065 3427 2811 3073 3133 2889 3029 3186 3105 3142 2863 2886 3304 3287 3153 3231 3125 3115 2940 3069 3153 3141 3071 3207 3184 2779 2996 3100 3136 3028 3161 3062 3432 3005 3307 3210 2897 3003 3107 3157 3564 2957 2979 2944 3089 2808 2786 3079 3119 3111 3414 3016 3180 3116 3039 2989 3378 3016 2977 3223 3100 3228 3334 3114 3365 3073 3075 2852 3344 2964 2770 3272 3027 2926 3421 2850 3129 3254 
2746 3185 2737 3162 3131 3197 3018 3037 2990 3069 3181 2905 2982 3193 3261 2755 3186 2807 3266 3041 2741 3019 3165 2990 2912 3137 2937 2686 2818 2926 2997 3172 2823 2840 3328 3178 2943 3139 3192 2987 2901 2997 2982 3097 3039 3277 3131 2725 2779 2978 3029 2892 3026 3085 3199 3040 3105 3168 2774 2861 2840 2935 3513 3046 2892 2899 2904 2842 2799 2907 3047 3039 3309 2758 3061 2999 2740 2902 3129 3061 2858 2983 3095 3175 3237 2820 3224 2993 2939 2678 3237 2786 2683 3106 2948 2878 3216 2889 3105 3112 
2892 3095 2521 2984 2996 2862 2855 2910 2954 2979 2894 2658 2888 2884 3073 2587 3058 2757 3242 2923 2628 2860 2971 3024 2705 2915 2895 2809 2865 2915 2722 3171 2779 2800 3065 2924 2924 3026 2991 2917 2715 2662 2715 2988 2854 2928 2904 2520 2810 2881 2861 2597 2860 2871 2934 2957 3117 2997 2742 2966 2695 2847 3333 2844 2833 2749 2746 2584 2767 2795 3127 2808 3198 2816 2889 2766 2683 2746 2993 2873 2676 2823 2855 3102 3023 2702 3049 2852 2839 2601 2981 2783 2495 2984 2924 2790 3189 2699 2912 3001 
2818 3123 2695 2834 3023 2861 2717 2998 2822 2942 2803 2866 2688 2818 2921 2439 2890 2848 3077 2868 2501 2817 2881 2897 2705 2910 2704 2748 2717 2874 2691 3042 2745 2732 2968 3113 2832 3010 2994 2863 2687 2693 2816 2929 2765 2822 2721 2605 2616 2692 2785 2789 2938 2784 2921 2652 3085 2865 2608 2970 2669 2757 3255 2783 2677 2789 2810 2698 2691 2682 2872 2803 3113 2829 2876 2715 2630 2759 2942 2943 2683 2850 2929 2939 3102 2728 3123 2924 2753 2687 2842 2632 2587 3027 2849 2718 3081 2475 2893 2797 
2898 3456 2663 3134 3041 3102 3043 3279 3091 3060 3147 2933 3096 3072 3219 2846 3233 2904 3357 2961 2774 2990 3030 3222 2798 3112 2963 2831 3089 3153 2976 3169 2888 2851 3302 3017 3009 3169 3235 2894 2859 2919 2854 3140 3205 3227 3127 2723 2906 2933 3024 2945 3063 3159 3046 3069 3338 3161 2812 3122 2816 2873 3668 2877 2972 2944 3114 2712 3008 2786 3099 3046 3336 2914 3118 3026 2891 2970 3193 3102 2967 3104 3124 3089 3316 2962 3203 2966 3040 2705 3307 2820 2666 3138 3167 2999 3315 3006 3152 2997 
2930 3216 2839 3006 3401 2947 2999 2923 3063 3068 2938 2928 2843 3070 3272 2766 2935 2888 3271 2998 2631 2903 2885 3077 2954 3084 2768 2729 2988 3142 3052 3109 2670 2870 3153 2962 3027 3026 2980 2844 2617 2956 2812 2871 2974 3144 2815 2770 2712 2823 2985 2730 2978 2916 3043 3056 3209 2946 2801 2955 2741 2913 3180 2974 2733 2859 2816 2574 2737 2806 2749 3144 3214 2774 3099 3181 2766 2726 3110 2905 2844 2782 3108 3161 3108 2858 3089 2900 2994 2539 2989 2787 2611 3087 3001 2773 3111 2882 3065 2846 
3079 3313 2817 3209 3261 3017 3209 3117 3091 3123 3046 2952 3237 3181 3417 2791 3221 2863 3474 3098 2731 3108 3002 3115 3160 3166 3172 2751 3111 3114 2910 3270 2909 2849 3233 3089 3077 3107 3116 2915 2887 2922 2895 3072 3134 3195 3100 2741 2907 2974 3141 2989 3150 3111 3092 3034 3162 3164 2863 3197 2822 3022 3463 2926 2783 3015 3139 2847 2846 2845 2866 2968 3289 2937 3066 3114 2875 2860 3106 3093 2958 3167 3168 3126 3205 2984 3325 2859 3069 2674 3126 2816 2785 3052 3094 3122 3222 2930 3170 3017 
2835 3194 2696 2761 2937 2902 2892 2901 2854 2993 2830 2839 2762 3047 3087 2607 2962 2685 3125 2928 2486 2762 2861 2990 2705 2897 2699 2495 2754 3029 2875 2976 2806 2620 3142 3062 2912 2998 2968 2706 2657 2812 2782 2851 2928 2932 2905 2614 2519 2752 2907 2816 3006 2914 2906 2780 3165 2933 2561 2999 2568 2909 3179 2703 2560 2842 2911 2638 2687 2704 2842 2779 3125 2695 2759 2959 2806 2572 2800 2748 2565 2897 2937 3028 2955 2761 3169 2825 2962 2472 2991 2607 2720 2843 2892 2723 3073 2619 2986 2855 
3143 3622 3029 3304 3417 3144 3172 3194 3188 3222 3301 3199 3233 3397 3625 3006 3379 3156 3628 3093 2927 3276 3297 3440 3179 3268 2948 3061 3359 3101 3271 3303 3031 3099 3402 3644 3215 3349 3386 3097 2851 3137 3091 3171 3356 3384 3254 3127 3154 3101 3164 3220 3169 3289 3504 3222 3499 3323 3017 3360 3100 3331 3808 3254 3074 3297 3216 3017 2939 3186 3263 3216 3572 3297 3151 3243 3168 3229 3308 3164 3080 3261 3188 3406 3434 3079 3553 3314 3351 2995 3415 2998 2878 3440 3316 3155 3505 2973 3439 3242 
2836 3148 2841 3140 3032 3044 3118 2929 3057 2945 3013 2905 3082 3075 3394 2889 3011 2724 3348 2968 2614 2855 2888 3141 2888 3036 2900 2663 3010 3014 3002 3248 2731 2770 3339 3098 3040 3076 3014 2677 2696 2847 2911 2978 2870 3268 3164 2834 2749 2877 3082 2882 3197 3026 3241 2943 3219 2931 2854 3042 2833 3029 3373 2898 2868 2883 3044 2711 2845 2746 2930 2922 3280 2915 3016 3142 2848 2685 2929 2907 2872 2920 3213 3170 3266 2939 3218 2885 3093 2584 3093 2862 2658 2949 3094 2991 3165 2855 2928 3000 
2874 3228 2677 3069 3115 2915 2958 3028 3061 2986 2884 2808 2965 2950 3196 2729 3034 2673 3303 2848 2703 2877 2921 3023 2899 2890 2863 2659 2843 2992 2930 3031 2624 2758 3001 3060 2884 2885 2976 2771 2596 2848 2848 2941 2987 3014 2909 2591 2823 2945 2943 2792 2972 2820 3025 2813 3213 2848 2687 2957 2796 2949 3355 2860 2654 2788 2910 2573 2743 2747 2906 2788 3257 2821 3001 3031 2738 2808 3036 2815 2682 3035 2948 2963 3147 2853 3179 2843 2877 2617 2951 2601 2626 3049 2830 2821 3195 2732 2927 2909 
2991 3524 2822 3130 3326 3177 3076 3155 3080 3081 3049 2953 2994 3241 3530 2808 3100 3082 3280 3127 2771 3009 3073 3135 2885 3045 2981 2756 3001 3222 3142 3147 2904 2878 3270 3006 3059 3232 3143 2859 3009 2895 2931 3101 3110 3230 3244 2767 2861 2926 3024 2823 3166 3077 3003 3032 3292 3106 2812 3094 2823 2934 3605 2783 2834 2995 3157 2870 2856 2647 2956 2995 3343 3022 3171 3146 2814 2867 3095 3062 2860 2996 3224 3159 3090 2968 3367 2978 3034 2821 3225 2709 2754 3132 3154 3064 3361 2848 3057 3042 
2974 3526 3101 3313 3549 3240 3200 3139 3193 3307 3268 2981 3110 3165 3603 3086 3256 3039 3696 3236 2981 3201 3355 3354 3177 3169 3052 3100 3178 3221 3180 3323 2969 3145 3404 3267 3196 3422 3347 3119 3085 3201 3048 3290 3275 3401 3459 3089 3067 3143 3253 2944 3153 3153 3432 3341 3369 3231 3083 3140 3015 3104 3643 3269 3087 3009 3227 3187 2945 3147 3243 3338 3692 3142 3275 3358 3020 2969 3150 3263 3093 3111 3297 3439 3394 3225 3437 3310 3237 2835 3311 3036 2825 3473 3324 3053 3523 2996 3442 3233 
2815 3266 2824 3052 3026 3031 3013 2868 3067 3012 3011 2792 2979 3007 3300 2898 3143 2845 3410 2913 2653 2907 3032 3035 3046 3052 2816 2803 3043 3049 3075 3113 2821 2716 3165 2991 2886 3073 2821 2931 2809 2898 2774 2899 2960 3247 3197 2662 2709 3093 2943 2842 2819 3033 3123 2927 3121 3124 2740 3144 2929 3053 3399 2743 2747 2988 2963 2691 2833 2872 3117 2866 3317 2991 2915 3141 2748 2772 2997 2842 2890 2990 3134 2955 3047 2898 3185 3018 2987 2690 2992 2834 2663 3182 3225 2739 3269 2770 2925 2988 
2471 2797 2454 2612 2964 2793 2607 2600 2636 2703 2664 2531 2788 2693 2998 2554 2705 2471 2991 2684 2432 2571 2741 2662 2452 2755 2487 2433 2772 2722 2717 2627 2497 2521 2886 2622 2615 2772 2696 2498 2460 2557 2572 2632 2647 2583 2576 2626 2500 2630 2708 2434 2581 2599 2780 2688 2937 2616 2584 2599 2433 2644 3052 2590 2498 2781 2827 2429 2616 2543 2484 2531 2903 2564 2637 2899 2483 2597 2576 2702 2506 2704 2777 2828 2758 2703 3034 2626 2669 2415 2775 2430 2523 2689 2788 2381 2904 2550 2627 2552 
2884 3294 2720 3183 3160 2920 2932 3028 3151 3217 2971 2866 3043 3199 3347 2706 3164 2976 3445 3028 2762 3041 3047 3070 2956 3141 2897 2647 2805 2999 2918 3195 2814 2967 3201 3203 2988 3095 3005 2957 2865 2822 2917 3069 3124 3197 3040 2705 2624 3057 3057 2969 2902 2998 3158 2926 3337 3131 2761 3145 2859 2898 3494 2802 2814 3117 3090 2672 2728 2835 3076 2985 3341 2775 2812 3114 2910 2844 2988 2981 2826 3148 3101 3108 3152 2924 3235 2952 2985 2625 3095 2774 2839 3137 3168 2901 3349 2810 2951 3054 
3071 3443 2898 3336 3342 3221 3054 3182 3093 3180 3021 3165 2989 3239 3579 2757 3149 2989 3476 2881 2826 3141 2910 3246 3038 3255 2922 2879 3113 3128 3050 3277 2885 3050 3383 3305 3063 3141 3074 3082 2936 2972 3060 3242 3266 3262 3263 2785 2970 2962 3163 3108 3135 3175 3288 3130 3472 3092 2832 3064 3011 3056 3577 3167 2906 3025 3078 2836 2706 2985 3097 3148 3463 3044 3059 3268 3179 2861 3150 3043 2977 3177 3135 3392 3434 2908 3456 3116 3157 2910 3124 2949 2809 3390 3218 2959 3297 2903 3156 3164 
3141 3482 2993 3319 3415 3275 3049 3247 3205 3248 3230 3116 3083 3238 3471 2857 3351 3051 3504 2931 2910 3168 3380 3308 2974 3119 2889 2994 3107 3247 3309 3163 2942 3045 3371 3489 3015 3335 3212 3094 3056 3058 3030 3180 3299 3542 3257 2852 2926 3158 3147 3014 3036 3245 3452 3176 3518 3189 2854 3312 3086 3035 3781 3203 2989 3156 3233 2801 2905 3138 3303 3199 3504 3127 3246 3283 3245 3178 3194 3035 2876 3194 3183 3361 3472 3114 3489 3207 3359 2894 3373 2952 2966 3325 3390 3021 3510 2996 3188 3274 
2871 3240 2746 3170 3275 3086 3114 3088 3178 3026 3137 3036 3150 3299 3349 2932 3148 2812 3458 3115 2786 3044 3154 3166 2961 3151 3009 2988 3063 2956 2999 3388 2901 2936 3233 3146 3071 3106 3135 2984 2964 2970 2913 3124 2964 3273 3113 2824 2809 3181 3087 2848 2885 3033 3222 3075 3337 3194 2829 3112 2960 3024 3499 3119 3012 3089 3154 2742 2734 2964 3257 3006 3407 3005 3055 3080 2896 2877 3143 3038 2840 3083 3154 3238 3171 2936 3271 3050 3224 2798 3024 2866 2717 3176 3225 2922 3357 2930 3196 3126 
2914 3407 2903 3010 3243 3209 3018 3035 3129 3171 3162 2918 3033 3132 3300 2896 2937 2950 3463 3107 2665 3047 3078 3138 2922 3153 2799 2847 3014 3049 3208 3198 2920 2776 3248 3110 3173 3247 3210 2930 2791 2957 2956 3047 2956 3173 3169 2867 2743 2896 3122 2897 3076 2940 3195 2993 3353 3153 2776 3035 2800 3038 3401 2878 2833 3069 3160 2824 2876 2905 3020 3041 3385 2829 2952 3110 2809 2909 2936 2958 2895 3005 3273 3150 3291 2865 3259 3108 3202 2692 3006 2794 2817 3182 3011 2958 3306 2918 3116 2952 
3222 3698 3121 3310 3517 3393 3104 3508 3509 3280 3298 3116 3102 3347 3691 2945 3375 3136 3645 3123 2971 3215 3194 3392 3288 3265 3312 3000 3201 3372 3340 3411 3031 3000 3535 3398 3281 3281 3303 3208 3156 3163 3113 3410 3345 3412 3301 2942 3029 3395 3384 3210 3306 3285 3359 3293 3529 3307 2978 3433 3179 3389 3684 3033 2856 3276 3180 2853 3036 3048 3161 3278 3600 3284 3140 3297 3032 2884 3304 3056 3000 3445 3219 3326 3562 3084 3654 3150 3383 3010 3329 3160 2859 3376 3322 3121 3486 3112 3385 3268 
2813 3292 2787 3144 3037 2892 2919 3203 3052 3065 3010 2909 3038 3006 3183 2651 3211 2895 3351 2868 2729 2855 3215 3206 2700 2911 2965 2749 2917 3089 3174 2953 2853 2906 3232 3029 2934 3091 2971 2962 2833 2776 2833 2898 3012 3273 3069 2635 2849 2927 2830 2824 2847 2983 3100 2776 3307 2969 2827 3022 2766 2803 3420 2965 2820 2820 2880 2616 2792 2831 3065 2855 3296 2842 3022 2923 2855 2881 2913 2872 2787 2981 2996 3008 3179 2870 3071 2871 3079 2766 3025 2832 2470 2945 3154 2832 3233 2795 3032 3053 
2837 3216 2699 3050 3122 3171 2828 3243 2985 3123 3098 2944 3113 2991 3392 2723 3022 2925 3308 3115 2816 2956 2991 3195 2847 3001 3009 2866 3080 2901 2987 3107 2909 2882 3324 3056 3032 3041 3133 3196 2941 2892 2909 3144 3059 3167 3143 2885 2757 2898 2907 2830 3090 3023 3150 2875 3184 3246 2808 3170 2781 2925 3326 2879 2779 3010 3094 2707 2766 2961 2994 2941 3250 2807 2999 3083 3015 2884 2906 2878 2805 3033 3098 3099 3290 2771 3279 2872 3173 2786 3197 2758 2606 3095 3038 3000 3289 2867 3050 3088 
2948 3223 2762 3134 3203 3106 2989 2775 3044 3183 3043 2866 3068 3046 3421 2738 3020 2788 3322 3007 2789 2944 3045 3167 2936 3019 2828 2833 3069 2978 3102 3088 2922 2810 3201 3105 2952 3251 3176 3063 2919 2812 2985 3122 3105 3254 3161 2879 2836 2970 3130 2780 3148 2956 3233 3019 3232 3137 2810 3040 2848 3000 3474 3087 2816 3038 3203 2841 2796 2871 2955 2977 3149 2954 2931 3173 2838 2958 3116 3034 2910 3116 3165 3142 3227 2832 3244 3033 3121 2740 3174 2749 2873 3089 3093 2756 3277 2968 3136 3185 
3331 3831 3242 3568 3587 3613 3487 3394 3602 3680 3594 3345 3389 3601 3813 3221 3585 3296 3813 3339 3288 3358 3489 3646 3360 3604 3211 3313 3496 3429 3510 3663 3268 3298 3790 3688 3426 3572 3705 3526 3280 3384 3496 3534 3668 3619 3622 3170 3217 3468 3712 3347 3569 3395 3547 3393 3727 3587 3234 3576 3303 3455 4119 3423 3258 3552 3523 3254 3326 3321 3626 3370 3885 3432 3437 3478 3388 3253 3608 3346 3429 3467 3635 3640 3715 3349 3751 3467 3626 3134 3621 3283 3158 3572 3521 3310 3796 3267 3506 3444 
2762 3170 3029 3010 3021 3154 2928 2965 3059 3092 3071 2880 2931 3087 3306 2876 3060 2875 3322 2911 2566 2824 3016 2985 2715 2982 2692 2773 2994 3038 3017 2903 2793 2752 3245 3118 2909 3069 3110 2782 2856 2972 2818 3048 2934 2946 3172 2805 2618 2913 2927 2831 2867 3081 3086 2892 3369 3158 2878 3032 2817 2944 3428 2925 2881 2962 3043 2751 2804 2762 2952 2916 3192 2905 2965 2933 2911 2830 2988 2956 2852 2945 3067 3062 3118 2832 3232 3128 2984 2817 3092 2795 2768 3130 3149 2779 3322 2743 3042 2998 
2841 3286 2476 2833 2781 2890 2892 2957 2841 2870 2645 2710 2756 2782 3070 2447 2839 2750 3112 2869 2569 2776 2839 2852 2591 2842 2800 2587 2780 2874 2818 3006 2796 2535 2995 2790 2779 2944 2817 2878 2667 2671 2704 2853 2812 2929 3022 2524 2627 2758 2885 2650 2841 2793 2767 2873 3006 2961 2468 2798 2643 2755 3162 2708 2891 2638 2685 2687 2648 2709 2853 2675 2924 2594 2840 2924 2725 2701 2822 2669 2785 2860 2835 2976 3115 2586 3188 2629 2808 2571 2773 2495 2649 2889 2922 2605 3100 2634 2912 2854 
2780 3072 2691 2974 3070 2881 3022 2927 2933 2824 3125 2807 2931 3094 3305 2770 2994 2858 3251 2956 2533 2881 2898 2942 2895 2994 2818 2672 2937 2860 2812 3261 2736 2860 3188 3025 2960 3119 3163 2835 2631 2781 2884 2968 2822 2990 3025 2816 2681 2749 2971 2791 2989 2857 3062 2953 3010 2932 2675 2859 2746 2750 3296 2869 2740 2842 2870 2572 2749 2655 2861 2917 3277 2777 2940 2946 2573 2799 3037 2983 2910 2948 3083 3112 3118 2804 3094 2758 2872 2656 3068 2681 2568 3000 2825 2839 3030 2816 3013 2841 
2862 3509 2844 2997 3157 2982 2881 3142 3106 3173 2941 2907 2981 3038 3355 2598 2994 2871 3324 2991 2738 2953 2993 3209 2802 2841 2904 2774 2992 3109 3003 3014 2760 2849 3268 3122 3052 3260 3110 3001 2877 2892 2871 3000 3089 3097 3043 2698 2840 2877 3003 2839 2967 3003 3032 2947 3275 2983 2762 2983 2750 2985 3443 2928 2799 2851 3055 2660 2865 2799 3069 2976 3256 2933 3106 3169 3054 2699 3123 2890 2809 3224 3011 3175 3156 2934 3190 2909 3061 2710 3040 2814 2540 3140 3068 2817 3342 2770 3216 2971 
2501 2936 2451 2868 2917 2645 2519 2676 2925 2713 2675 2645 2660 2886 2965 2594 2744 2383 3174 2459 2447 2596 2584 2775 2478 2736 2603 2420 2588 2686 2684 2712 2442 2564 2906 2818 2752 2725 2775 2607 2486 2565 2568 2796 2733 2721 2736 2492 2491 2584 2613 2616 2607 2623 2753 2556 3037 2777 2432 2713 2549 2619 3070 2771 2662 2617 2768 2390 2483 2607 2642 2649 3042 2614 2770 2836 2582 2531 2665 2578 2471 2692 2734 2719 2793 2598 2890 2763 2842 2443 2684 2491 2410 2836 2805 2559 3015 2342 2785 2583 
2941 3376 2783 2999 3222 3208 3049 3077 3023 3088 3021 2934 2969 2995 3314 2766 3127 2918 3299 3080 2744 2894 2887 3177 2849 2968 2873 2971 3091 3083 3109 3211 2920 2746 3208 3187 2990 3058 3189 3107 2947 3004 2847 3138 2961 3085 3141 2823 2697 2945 2959 2907 3084 2941 3085 3035 3395 3169 2742 3162 2899 2936 3313 2879 2841 3012 3109 2775 2773 2752 3035 3034 3269 2977 2957 3036 3003 2908 3005 2985 2858 2999 3158 3154 3103 2848 3320 3106 3143 2824 2972 2705 2717 3160 3001 2734 3217 2799 3169 3124 
2863 3299 2835 3109 3262 3034 2930 3012 3214 3142 2957 2968 2913 3113 3311 2796 2921 2978 3387 3027 2560 3029 2910 3036 2951 2994 3225 2778 3027 2853 2959 3156 2963 2848 3285 3052 3034 3186 3128 3006 2800 2880 2925 3093 3044 3237 3148 2914 2828 2921 2837 2867 3043 3121 3207 3050 3097 3027 2732 3124 2869 2882 3495 2803 2864 2990 3003 2826 2692 2678 2970 2875 3274 2880 3018 3122 2621 2833 3058 3006 2928 3197 3092 3146 3199 2784 3323 2818 2822 2702 3117 2660 2716 3043 3140 3006 3307 2914 2993 3002 
2891 3290 2897 3038 3183 3244 3015 3030 3161 3177 3174 3041 3215 3076 3399 2950 3112 2826 3560 3074 2840 3143 3009 3262 2881 3059 2997 2850 3111 2997 3038 3291 2854 2812 3466 3132 3066 3137 3271 3092 2972 2892 2993 3203 3059 3165 3166 2842 2964 3058 3176 2855 3146 3109 3217 3129 3350 3195 2763 3033 2932 3026 3441 3053 2976 3044 3341 2763 2781 3118 3083 2993 3448 2994 3086 3287 2927 2905 2944 3033 2979 3152 3142 3183 3224 3037 3341 2794 3183 2757 3133 2816 2796 3111 3099 2983 3301 2952 3094 2965 
2886 3221 2838 3043 3195 2989 3061 2878 2970 3118 2933 2874 2926 2934 3324 2548 2814 2827 3359 3005 2478 2995 2841 2917 2895 2947 2954 2795 2944 2899 2778 3106 2762 2842 3075 3149 3062 2977 3040 2781 2711 2916 2704 2907 2925 3092 2978 2732 2717 2787 2966 2809 3021 2937 3056 2788 3249 3005 2835 3004 2866 3057 3445 2913 2678 2981 2999 2797 2626 2742 2887 2741 3249 2856 2904 3228 2719 2730 2986 3038 2813 2959 2961 3077 2962 2779 3291 2921 3062 2703 2819 2673 2742 2991 3163 3001 3198 2711 3039 2926 
3105 3597 2879 3134 3347 3355 3280 3195 3221 3337 3248 3174 3197 3344 3481 2974 3325 2987 3654 3218 2922 3235 3371 3297 3137 3193 3055 2880 3238 3282 3259 3422 3159 2937 3443 3319 3241 3295 3298 3134 3083 3120 3034 3278 3259 3410 3300 2945 3078 3240 3343 2928 3208 3263 3427 3232 3507 3296 2875 3333 3120 3265 3665 3071 3045 3284 3297 2905 3061 3010 3309 3084 3486 3146 3247 3261 3030 3094 3244 3051 2991 3273 3324 3293 3432 3077 3470 3054 3205 2796 3270 3126 2838 3312 3379 3161 3483 3033 3250 3296 
3127 3436 3072 3359 3367 3217 3077 3196 3054 3392 3085 3014 3125 3254 3465 2739 3286 3175 3623 3344 2778 3166 3139 3273 3110 3274 3070 3028 3113 3145 3136 3333 2883 2985 3250 3408 3077 3350 3316 3277 3023 2976 2973 3163 3098 3337 3164 2888 2920 2973 3127 3131 3306 3220 3266 3067 3308 3320 2881 3355 2878 3071 3623 3121 2865 3087 3067 2792 3093 2804 3283 3136 3282 3015 3112 3393 3019 2939 3177 3124 3064 3132 3335 3275 3190 2910 3324 3102 3316 2875 3233 3035 2697 3391 3140 3062 3351 3000 3201 3208 
2962 3504 2989 3199 3455 3175 3098 3107 3146 3330 3321 3057 3237 3345 3494 2815 3307 3142 3622 3224 2750 3142 3227 3120 3040 3349 3168 2908 3239 3065 3069 3490 2989 2832 3322 3304 3136 3234 3273 3040 3101 3154 2971 3229 3188 3318 3189 2948 2911 3181 3321 3009 3008 3165 3232 3123 3277 3341 3071 3237 2986 3245 3678 3035 3125 3301 3343 2895 3042 3054 3214 3107 3506 3017 3037 3251 2915 3106 3286 3158 3218 3228 3285 3210 3261 3004 3599 3247 3216 2856 3313 3004 2812 3282 3324 2928 3326 3084 3285 3208 
3208 3656 2949 3425 3408 3275 3228 3287 3318 3215 3309 3243 3193 3387 3639 2946 3421 3103 3449 3268 2936 3212 3254 3396 3088 3279 3158 3076 3223 3279 3108 3453 3097 3143 3428 3388 3269 3350 3378 3172 3081 3017 3245 3276 3279 3474 3241 2883 3004 3093 3357 2996 3321 3183 3322 3114 3482 3200 2886 3225 2953 3119 3751 3142 3087 3138 3191 2992 3222 3034 3289 3315 3587 3198 3405 3381 3142 3021 3375 3220 3196 3366 3283 3400 3618 3075 3443 3198 3459 2906 3276 2851 2783 3313 3269 3260 3601 2955 3429 3307 
2997 3223 2761 3178 3053 2978 2969 2965 2959 3083 2962 2902 2934 3006 3313 2667 3024 2815 3330 2909 2697 2862 2942 2950 2976 3024 2684 2838 2916 2933 2934 3016 2886 2909 3175 3237 2961 3151 3131 2967 2658 2863 2928 2930 3149 3091 3182 2787 2749 2797 2932 2992 2993 3052 3208 2957 3228 3116 2779 3089 2767 2846 3458 3072 2778 2815 2959 2819 2774 2690 2916 3013 3279 2763 2896 3034 2815 2899 3006 3019 2717 2962 3157 3133 3240 2810 3305 2857 2907 2595 2974 2660 2780 3129 3023 2841 3157 2651 3066 3144 
3139 3563 2936 3411 3295 3409 3366 3342 3312 3363 3231 3319 3237 3590 3550 3018 3376 3129 3763 3274 2886 3342 3201 3333 3143 3405 3156 2988 3292 3201 3114 3579 3098 3194 3587 3535 3264 3553 3391 3126 3079 3074 3209 3311 3292 3402 3346 2933 3042 3206 3308 3056 3341 3458 3472 3284 3633 3403 2880 3554 3173 3216 3739 3250 3213 3239 3249 2869 3121 3081 3300 3277 3522 3163 3304 3327 3134 3220 3212 3243 2960 3411 3321 3417 3572 3146 3530 3150 3236 2796 3452 3092 3082 3503 3414 3221 3393 2976 3275 3415 
2933 3334 2667 3189 3138 3187 3028 3025 3137 3068 3154 2988 2930 2994 3377 2665 3126 2893 3391 2972 2943 3099 3005 3076 2996 3203 2865 2813 3031 2960 3030 3276 2817 2886 3164 3104 2843 3181 2908 3119 2791 2900 3101 2998 3056 3173 3065 2706 2795 3082 3067 2820 3081 3040 3229 2861 3201 3155 2705 3194 3045 3005 3524 2932 2709 2961 3020 2745 2819 2814 3073 2977 3161 2902 3012 3140 2812 2982 3057 2830 2929 2976 3117 3206 3255 2812 3255 2998 3217 2683 3139 2883 2827 3200 3157 2808 3196 2879 3045 3141 
2877 3239 2722 3138 3341 3026 2936 2975 3120 3076 2925 2927 3011 2940 3486 2713 3052 2861 3372 2946 2716 2910 2921 3188 2788 2978 2997 2892 3010 2979 3126 3077 2669 2929 3421 3137 3070 3097 3141 3046 2880 2956 2954 3109 3119 3128 3083 3014 2857 2856 3040 2737 3105 2974 3135 3024 3306 3075 2807 2975 2881 2922 3479 2986 2882 2825 2890 2723 2746 2872 2803 2967 3167 3006 3091 3316 2740 2848 3001 2907 3049 2988 3074 3224 3214 2804 3388 2905 2965 2880 3120 2657 2645 3008 3105 2933 3341 2861 3136 2939 
3277 3686 3287 3460 3686 3623 3458 3544 3359 3683 3325 3350 3418 3450 3827 3131 3473 3292 3711 3343 3242 3411 3459 3673 3323 3411 3235 3174 3501 3481 3450 3486 3203 3286 3795 3475 3412 3566 3538 3400 3247 3222 3411 3431 3431 3480 3456 3296 3192 3230 3532 3277 3566 3449 3700 3529 3712 3406 3115 3507 3217 3369 3973 3372 3130 3448 3485 3206 3172 3274 3412 3376 3666 3299 3366 3564 3260 3185 3531 3368 3360 3395 3596 3568 3578 3386 3612 3268 3402 3134 3609 3273 3028 3516 3630 3255 3719 3220 3486 3520 
3001 3416 2842 3136 3378 3141 2966 3028 3152 3017 3082 3061 3086 3144 3474 2870 3143 2943 3367 3046 2924 3086 3119 3136 2912 3129 2875 2715 3152 3122 3199 3301 2760 2943 3351 3251 3108 3165 3207 2931 2761 2913 3067 3091 3094 3096 3084 2847 2771 2964 3140 3136 3158 3109 3111 3036 3383 3091 2885 3047 2821 3175 3554 3138 2844 3121 3151 2805 2903 2997 3098 2996 3419 3048 2893 3221 3070 2865 2993 2930 2770 3121 3191 3235 3347 2927 3486 3080 3240 2725 3267 2817 2825 3164 3132 2974 3245 2779 3107 2968 
3126 3337 2825 3186 3381 3157 3107 3032 3097 3279 3157 3057 3098 3216 3546 2929 3245 2904 3317 3029 2899 2906 3020 3329 2924 3101 2935 2843 3152 3100 3114 3330 2988 2974 3490 3259 3162 3165 3199 3121 2804 3006 3163 3130 3236 3226 3259 2993 2897 3006 3218 3002 3159 3000 3203 3065 3308 3181 2934 2991 2987 3033 3648 3055 3041 3003 3062 2952 2897 2940 3069 3102 3474 3040 3179 3082 3105 3001 3367 3024 3127 3278 3184 3467 3404 2929 3457 3190 3093 2785 3265 2887 2753 3199 3106 2901 3275 2921 3213 3185 
3070 3513 3028 3209 3213 3052 3217 3127 3302 3241 3109 3116 3229 3138 3543 2967 3290 2914 3630 2931 2850 3036 3215 3239 2918 3083 3084 2738 3152 3254 3194 3129 2834 2902 3299 3095 3168 3298 3151 3082 2874 3080 3028 3199 3138 3254 3318 2757 3075 3111 3192 2956 3109 3057 3286 3046 3356 3109 2864 3125 3097 3213 3639 3016 2965 2996 3150 2885 2993 2954 3155 2887 3563 3081 3095 3352 2924 2933 3179 3004 3084 3232 3227 3141 3400 2993 3389 2946 3228 2886 3163 3000 2776 3305 3264 3038 3408 2941 3223 3049 
2789 3203 2635 3047 2926 2788 2775 3060 2990 2957 2871 2778 2817 2915 3136 2499 2988 2738 3242 2927 2589 2779 3012 2943 2800 2907 2841 2766 2720 2961 2805 3028 2741 2747 3014 3059 2826 3009 3034 2783 2728 2633 2636 2883 2941 3051 2794 2534 2781 2833 2876 2768 2920 3017 2849 2856 3098 2931 2710 2929 2592 2875 3386 2910 2777 2792 2764 2534 2862 2687 3000 2845 3222 2818 2913 3026 2750 2701 2899 2919 2714 2918 2931 3041 3090 2749 3057 2766 2941 2590 3002 2739 2562 2867 2978 2781 3193 2718 2887 2914 
2801 3251 2713 3061 2978 2984 2831 2892 3142 2991 2860 2751 2764 3011 3240 2761 3152 2711 3388 2823 2534 2877 2974 2919 2781 2842 2678 2661 2839 2872 2945 2967 2824 2801 3243 3179 2879 3114 2952 2751 2603 2797 2801 2922 2917 3159 3012 2647 2779 2834 2853 2927 2867 2811 3192 2840 3269 2986 2590 3024 2818 2865 3364 2869 2641 2876 3032 2670 2717 2743 2994 3009 3226 2694 2813 3188 2718 2753 2918 2924 2808 2874 2890 2965 3016 2906 3125 2923 2983 2570 2931 2609 2655 2930 3067 2814 3176 2763 2858 3022 
2908 3489 2848 3335 3398 3246 2991 3278 3241 3215 3153 3093 3097 3308 3479 2802 3337 3077 3573 3028 2759 3097 3287 3352 2975 3256 3141 3002 3043 3196 3106 3201 2898 3046 3401 3327 3151 3358 3298 3271 3097 3094 3055 3276 3201 3292 3288 2866 3051 3097 3307 3070 3099 3151 3265 3149 3364 3192 2894 3134 3051 3170 3644 3224 2894 3072 3107 2966 2987 2873 3210 3305 3514 3138 3085 3242 3020 2955 3329 3180 3098 3318 3212 3178 3184 3074 3384 3155 3171 2797 3154 3159 2693 3191 3248 2994 3388 2919 3228 3100 
2820 3087 2656 2978 3124 2894 2774 2948 2911 3113 2807 2776 2800 2899 3275 2745 2898 2748 3225 2940 2744 2747 2838 2972 2685 2962 2920 2700 2845 2988 2899 2954 2714 2772 3097 2931 2945 3143 3080 2936 2758 2837 2920 2903 2947 2897 2936 2704 2701 2807 2953 2699 3005 2837 2980 2849 3131 2996 2781 2921 2650 2806 3254 2852 2600 2627 2815 2630 2681 2679 2856 2943 3042 2612 2841 2990 2666 2610 2943 2819 2701 3020 3035 3211 3078 2715 3063 2841 2835 2501 3021 2721 2584 3018 2767 2733 3190 2738 3064 2908 
2863 3330 2837 3113 3228 3154 3090 3064 3081 3250 2905 2866 3023 2983 3300 2744 3056 2816 3421 2987 2557 3070 3050 3183 3016 2913 2862 2849 3023 3022 2963 3138 2833 2855 3193 3012 2805 3074 3028 2981 2793 2843 2796 3046 3082 3108 3050 2690 2893 2966 3100 2774 3061 3055 3032 3043 3242 2889 2633 3177 2924 2855 3511 2991 2956 3036 2939 2643 2989 2752 2996 2918 3244 2914 3141 3077 2923 2992 3078 2746 3042 3068 3060 3040 3227 2917 3181 2955 3072 2691 3112 2762 2753 3093 3118 2880 3392 2773 3082 3158 
3000 3254 2771 3088 3147 3065 2884 2841 2933 3001 2822 2824 2872 2985 3157 2568 3018 2765 3268 2845 2640 2995 3011 2911 2778 2861 2742 2750 2817 2975 2963 3004 2831 2686 3082 3261 2751 3147 3114 2939 2728 2789 2789 2781 3021 3130 3016 2670 2691 2889 2853 2871 3020 2990 3047 2844 3061 3093 2622 3049 2855 2923 3336 3022 2714 2848 3150 2828 2706 2942 2995 2892 3119 2796 2922 2916 2963 2791 3048 2929 2717 2934 2918 3065 3033 2774 3281 2932 3065 2655 3027 2701 2783 3116 3131 2828 3264 2676 2909 2988 
2688 3033 2669 3067 2839 2857 2909 2850 2899 3026 3036 2670 2994 2949 3282 2491 2983 2677 3197 2762 2679 2804 2872 2957 2812 2956 2733 2658 2735 2908 2789 3092 2537 2622 3033 3078 2713 3004 2920 2879 2671 2777 2818 2796 2884 2935 2865 2521 2516 2688 2930 2892 2934 2895 2914 2666 2988 3087 2573 2807 2605 2953 3280 2840 2578 2766 2900 2554 2676 2671 3018 2882 3051 2674 2703 3094 2766 2688 3016 2664 2684 3011 3002 2834 3088 2649 3049 2846 2778 2408 2998 2715 2566 2973 2820 2562 3065 2664 2957 2909 
2809 3173 2757 3195 3195 3239 3035 2863 2980 3165 3132 2814 3006 3118 3413 2813 3223 3005 3398 2913 2639 3078 2965 3066 3023 3040 2828 2797 3006 3070 3022 3145 2792 2875 3280 3150 2839 3083 3095 2995 2926 2827 3087 2990 3010 3173 3157 2608 2828 2912 3115 2926 3073 2960 3115 3064 3129 3022 2718 2985 3004 2959 3558 2945 2794 2956 3029 2821 2809 2808 3148 2941 3407 3004 3109 3075 2915 2932 3165 3017 2893 2978 3225 3187 3114 3075 3162 3107 3042 2759 3180 2854 2759 3292 3003 2846 3303 2788 3003 3045 
2776 3223 2760 2939 3023 2997 2940 3044 2905 3055 2953 2815 2794 2939 3314 2821 2941 2825 3162 2834 2690 2820 2873 3186 2702 2732 2815 2686 2951 2994 2980 2983 2809 2865 3282 3039 2924 3030 3122 2785 2693 2818 2783 2974 3010 2967 2978 2857 2719 2679 2911 2789 2994 2981 3079 2895 3305 2883 2733 3029 2748 2709 3400 2733 2848 2839 2875 2566 2705 2585 2855 2803 3160 2821 3027 2972 2836 2753 2962 2879 2863 2917 3052 3214 3066 2786 3104 2828 2923 2564 3132 2659 2579 2927 2920 2819 3166 2824 2953 2992 
2842 3097 2645 2971 2976 3017 3042 2952 2974 3035 2975 2855 2911 2894 3199 2619 3169 2797 3262 2860 2453 2770 2929 2954 2720 3169 2618 2784 2957 3129 2950 2971 2772 2748 3093 2993 2840 3118 2957 2875 2713 2829 2794 2863 3018 2891 3162 2603 2576 2846 2960 2877 2805 3031 3128 3006 3239 3013 2806 3049 2759 2923 3514 2749 2582 2730 2977 2651 2930 2626 2931 2944 3106 2757 2719 2968 2732 2816 2959 2849 2693 2900 3114 3028 3043 2759 3206 2936 2972 2652 2962 2917 2617 2958 3124 2751 3192 2849 3046 3070 
3247 3520 3146 3391 3518 3385 3204 3342 3351 3425 3288 3279 3304 3425 3633 3042 3368 3115 3673 3189 2906 3284 3516 3293 3170 3195 3177 2956 3224 3402 3262 3324 3187 3207 3481 3379 3428 3537 3620 3244 3073 3084 3111 3422 3390 3517 3347 2969 3189 3340 3317 3178 3296 3238 3404 3230 3566 3356 3055 3339 3056 3322 3862 3392 3025 3220 3296 3102 3089 3251 3288 3281 3537 3035 3107 3356 3045 3162 3413 3255 3122 3382 3428 3396 3538 3060 3510 3190 3384 2913 3403 3192 2939 3330 3454 3294 3609 3145 3230 3440 
